reset seed 1669211306743
genBoard3 [42210 15589 390 19535 65499 56570 34531 57156 32659 57398 63419 64089 39729 36130 4648 17032]
genBoard3 [25673 8419 63878 36293 64890 26957 41341 17059 15854 11316 60723 54780 41051 23379 48035 15245]
genBoard3 [58340 57624 19981 11906 28443 9770 31151 57674 38942 63758 21001 28852 33540 8076 17781 1294]
genBoard3 [41725 33773 51545 24125 2778 25109 50423 59606 57301 53053 16432 25637 11212 42208 33866 49966]
reset seed 1669211843721
genBoard3 [44202 60205 38809 43107 16182 42861 3770 37476 58011 50878 36595 45224 11321 4047 58723 58047]
genBoard3 [19886 61761 63613 23486 46437 3095 35464 33803 5700 61184 13069 23187 27661 53020 55791 9807]
reset seed 1669212045927
genBoard3 [63869 8856 36263 62636 33501 41143 33564 62810 43332 221 45074 33612 30657 19192 18039 16699]
genBoard3 [48378 7786 56068 57739 28079 50906 8642 54901 56049 2765 46208 43054 5584 60151 41912 49717]
reset seed 1669212235463
genBoard3 [15492 57696 33897 32991 8505 2516 60843 61494 13051 17772 17846 61181 20670 31492 44153 11053]
genBoard3 [24153 58155 822 62853 35578 49062 41746 18575 49300 55454 55053 12987 58847 32397 58175 56077]
reset seed 1669212530096
genBoard3 [34242 57019 40519 51097 64058 23683 45427 53433 22015 49797 20505 18974 12435 15587 16171 8608]
genBoard3 [30802 11588 58124 23957 4539 45084 48722 39953 35343 43421 59927 53516 27937 46391 57505 20657]
reset seed 1669212536728
genBoard3 [53019 56346 57361 33688 18938 65018 25423 42491 19234 44603 51625 63149 60965 17245 17060 39302]
reset seed 1669212541112
genBoard3 [43590 41650 12774 29675 52922 9835 35916 53495 47113 43631 60270 1472 35224 6062 60750 3345]
reset seed 1669212608390
genBoard3 [31806 6177 19457 34778 2566 52479 34083 54268 11941 64378 34698 42730 9676 13448 18478 47798]
genBoard3 [24482 43225 32767 45223 55337 47530 5492 60847 14987 22754 4041 11210 25835 17854 63737 32906]
reset seed 1669212646530
genBoard3 [58142 42671 45194 10989 4737 48869 36468 40819 53267 20191 11656 3034 13423 33955 30156 53943]
genBoard3 [63267 13908 20265 38095 30919 61539 10064 47517 3952 47205 57884 35260 26909 21227 9638 61839]
