1669495824022
1669495824022
1
{"ok":3}
{"ok":1}
{"ok":2}
{"ok":3}
{"boom":[[-1,3,2,2,1,2,3,-1,-1,2,-1,-1,-1,3,-1,-1],[4,-1,-1,3,-1,3,-1,-1,5,4,5,-1,4,4,-1,-1],[-1,-1,-1,6,4,-1,4,4,-1,-1,4,-1,4,3,-1,3],[-1,5,-1,-1,-1,4,4,-1,6,4,5,-1,-1,3,2,2],[2,3,4,-1,-1,4,-1,-1,-1,-1,5,-1,4,3,-1,3],[3,-1,4,5,-1,4,4,-1,-1,5,-1,-1,4,4,-1,-1],[-1,-1,-1,4,-1,4,4,-1,-1,5,5,-1,6,-1,-1,-1],[2,3,2,4,-1,4,-1,-1,-1,-1,4,-1,-1,-1,-1,4],[1,1,2,4,-1,4,2,4,6,-1,5,5,-1,-1,-1,3],[2,-1,2,-1,-1,3,2,3,-1,-1,5,-1,-1,6,4,-1],[-1,3,4,4,5,4,-1,-1,7,-1,-1,5,-1,-1,3,2],[3,-1,5,-1,-1,-1,6,-1,-1,-1,3,3,-1,6,-1,2],[3,-1,-1,-1,7,5,-1,-1,-1,6,4,3,3,-1,-1,4],[-1,5,-1,-1,-1,-1,3,5,-1,-1,-1,-1,2,4,-1,-1],[2,4,-1,-1,5,4,2,4,-1,8,-1,5,3,4,-1,3],[-1,2,2,3,-1,2,-1,3,-1,-1,-1,3,-1,-1,2,1]]}
1669495824023
1
1669495824024
1
1669495824025
1
1669495824026
1
1669495824027
1
1669495824028
1
1669495824029
1
1669495824030
1
1669495824031
1
1669495824032
1
1669495824033
1
1669495824034
1
1669495824035
1
1669495824036
1
1669495824037
1
1669495824038
1
1669495824039
1
1669495824040
1
1669495824041
1
1669495824042
1
1669495824043
1
1669495824044
1
1669495824045
1
1669495824046
1
1669495824047
1
1669495824048
1
1669495824049
1
1669495824050
1
1669495824051
1
1669495824052
1
1669495824053
1
1669495824054
1
1669495824055
1
1669495824056
1
1669495824057
1
1669495824058
1
1669495824059
1
1669495824060
1
1669495824061
1
1669495824062
1
1669495824063
1
1669495824064
1
1669495824065
1
1669495824066
1
1669495824067
1
1669495824068
1
1669495824069
1
1669495824070
1
1669495824071
1
1669495824072
1
1669495824073
1
1669495824074
1
1669495824075
1
1669495824076
1
1669495824077
1
1669495824078
1
1669495824079
1
1669495824080
1
1669495824081
1
1669495824082
1
1669495824083
1
1669495824084
1
1669495824085
1
1669495824086
1
1669495824087
1
1669495824088
1
1669495824089
1
1669495824090
1
1669495824091
1
1669495824092
1
1669495824093
1
1669495824094
1
1669495824095
1
1669495824096
1
1669495824097
1
1669495824098
1
1669495824099
1
1669495824100
1
1669495824101
1
1669495824102
1
1669495824103
1
1669495824104
1
1669495824105
1
1669495824106
1
1669495824107
1
1669495824108
1
1669495824109
1
1669495824110
1
1669495824111
1
1669495824112
1
1669495824113
1
1669495824114
1
1669495824115
1
1669495824116
1
1669495824117
1
1669495824118
1
1669495824119
1
1669495824120
1
1669495824121
1
1669495824122
1
1669495824123
1
1669495824124
1
1669495824125
1
1669495824126
1
1669495824127
1
1669495824128
1
1669495824129
1
1669495824130
1
1669495824131
1
1669495824132
1
1669495824133
1
1669495824134
1
1669495824135
1
1669495824136
1
1669495824137
1
1669495824138
1
1669495824139
1
1669495824140
1
1669495824141
1
1669495824142
1
1669495824143
1
1669495824144
1
1669495824145
1
1669495824146
1
1669495824147
1
1669495824148
1
1669495824149
1
1669495824150
1
1669495824151
1
1669495824152
1
1669495824153
1
1669495824154
1
1669495824155
1
1669495824156
1
1669495824157
1
1669495824158
1
1669495824159
1
1669495824160
1
1669495824161
1
1669495824162
1
1669495824163
1
1669495824164
1
1669495824165
1
1669495824166
1
1669495824167
1
1669495824168
1
1669495824169
1
1669495824170
1
1669495824171
1
1669495824172
1
1669495824173
1
1669495824174
1
1669495824175
1
1669495824176
1
1669495824177
1
1669495824178
1
1669495824179
1
1669495824180
1
1669495824181
1
1669495824182
1
1669495824183
1
1669495824184
1
1669495824185
1
1669495824186
1
1669495824187
1
1669495824188
1
1669495824189
1
1669495824190
1
1669495824191
1
1669495824192
1
1669495824193
1
1669495824194
1
1669495824195
1
1669495824196
1
1669495824197
1
1669495824198
1
1669495824199
1
1669495824200
1
1669495824201
1
1669495824202
1
1669495824203
1
1669495824204
1
1669495824205
1
1669495824206
1
1669495824207
1
1669495824208
1
1669495824209
1
1669495824210
1
1669495824211
1
1669495824212
1
1669495824213
1
1669495824214
1
1669495824215
1
1669495824216
1
1669495824217
1
1669495824218
1
1669495824219
1
1669495824220
1
1669495824221
1
1669495824222
1
1669495824223
1
1669495824224
1
1669495824225
1
1669495824226
1
1669495824227
1
1669495824228
1
1669495824229
1
1669495824230
1
1669495824231
1
1669495824232
1
1669495824233
1
1669495824234
1
1669495824235
1
1
{"ok":4}
{"ok":3}
{"ok":2}
{"ok":1}
{"ok":1}
{"ok":2}
{"ok":1}
{"ok":1}
{"ok":1}
{"ok":5}
{"ok":5}
{"ok":4}
{"ok":5}
{"ok":5}
{"ok":4}
{"ok":4}
{"ok":4}
{"ok":4}
{"ok":2}
{"ok":2}
{"ok":4}
{"ok":4}
{"ok":5}
{"ok":5}
{"ok":5}
{"ok":4}
{"ok":2}
{"ok":5}
{"ok":4}
{"ok":3}
{"ok":4}
{"ok":6}
{"ok":6}
{"ok":6}
{"ok":6}
{"ok":2}
{"ok":1}
{"ok":2}
{"ok":7}
{"ok":6}
{"ok":4}
{"ok":7}
{"ok":5}
{"ok":4}
{"ok":3}
{"ok":3}
{"ok":4}
{"ok":4}
{"ok":6}
{"ok":4}
{"ok":3}
{"ok":4}
{"ok":6}
{"ok":6}
{"ok":6}
{"ok":6}
{"ok":7}
{"ok":3}
{"ok":5}
{"ok":5}
{"ok":6}
{"ok":5}
{"ok":6}
{"ok":7}
{"ok":4}
{"ok":4}
{"ok":8}
{"ok":5}
{"ok":3}
{"ok":3}
{"ok":4}
{"ok":6}
{"ok":5}
{"ok":4}
{"ok":4}
{"ok":4}
{"ok":4}
{"ok":3}
{"ok":4}
{"ok":5}
{"ok":3}
{"ok":5}
{"ok":3}
{"ok":4}
{"ok":3}
{"ok":4}
{"ok":4}
{"ok":5}
{"ok":3}
{"ok":3}
{"ok":4}
{"ok":4}
{"ok":4}
{"ok":4}
{"ok":3}
{"ok":4}
{"ok":2}
{"ok":4}
{"ok":5}
{"ok":3}
{"ok":5}
{"ok":5}
{"ok":6}
{"ok":5}
{"ok":6}
{"ok":3}
{"ok":6}
{"ok":4}
{"ok":3}
{"ok":4}
{"ok":3}
{"ok":1}
{"ok":3}
{"ok":3}
{"ok":1}
{"ok":1}
{"ok":2}
{"ok":4}
{"ok":3}
{"ok":3}
{"ok":3}
{"ok":2}
{"ok":1}
{"flag":"flag{Gue55_r4nd_sEEd}","ok":0}
